3027
3040
3044
3044
3049
3050
3052
3055
3062
3079
3081
3085
3088
3090
3096
3104
3105
3110
3113
3113
3114
3114
3114
3125
3131
3131
3134
3137
3138
3138
3139
3144
3145
3146
3147
3156
3157
3168
3175
3176
3180
3191
3195
3197
3200
3202
3205
3215
3215
3224
3231
3231
3236
3242
3249
3254
3262
3277
3278
3280
3280
3296
3297
3304
3307
3313
3316
3320
3324
3329
3333
3343
3345
3355
3360
3364
3365
3366
3367
3372
3373
3375
3379
3388
3391
3391
3398
3401
3402
3402
3403
3403
3408
3416
3419
3433
3441
3447
3448
3449
3454
3457
3458
3460
3464
3465
3466
3466
3476
3480
3481
3481
3482
3487
3489
3490
3494
3496
3501
3504
3506
3511
3513
3516
3518
3521
3537
3541
3543
3549
3549
3552
3561
3561
3563
3564
3565
3568
3569
3570
3575
3576
3586
3586
3589
3600
3604
3613
3616
3616
3618
3620
3623
3623
3629
3634
3635
3636
3636
3638
3650
3655
3665
3666
3667
3668
3675
3681
3688
3693
3694
3698
3706
3709
3710
3726
3727
3747
3757
3761
3762
3775
3778
3779
3798
3815
3820
3821
3824
3854
3882
3885
3888
3900
3904
4016
4050
4061
4076
4078
4104
4113
4137
4157
4158
4198
4220
4225
4227
4241
4271
4277
4304
4313
4317
4325
4386
4408
4412
4415
4424
4427
4447
4461
4490
4498
4499
4506
4509
4513
4514
4519
4520
4574
4580
4583
4583
4584
4586